G2NIKO
[5, 6, 93, 0, 5 ,78, 52, 0, 10, 69, 39, 59, 0, 27, 2]

G2MONESY
[28, 14, 29, 0, 15, 6, 5, 79, 49, 0,  5, 0, 0, 0, 31]

G2JKS
[25, 27, 26, 0, 28, 5, 55, 105, 13, 19, 31, 0, 0, 0, 45]

G2HUNTER
[6, 3, 0, 0,  44, 17, 25, 105, 58, 11, 40, 32, 0, 0, 62]

G2 HOOXI
[26, 12, 0, 0, 17, 25, 38, 98, 32, 76, 43, 36, 4, 5, 51]

GLISAK
[0, 0, 27, 5, 15, 0, 0, 0, 56, 0, 0, 35, 58, 42, 0]

GLSIUHY
[0, 58, 28, 32, 29, 0, 0, 58, 0, 71, 0, 5, 4, 5, 0]

GLIM
[0, 0, 25, 7, 0, 5, 0, 6, 51, 53, 39, 33, 61, 36, 0]

GLACOR
[0, 15, 5, 6, 0, 36, 0, 0, 0, 0, 41, 9, 67, 12, 0]

GLKEOZ
[28, 52, 10, 28, 0, 0, 54, 0, 0, 98, 0, 7, 15, 37, 0]



