G2NIKO
[
  [0], 
  [95],
  [94],
  [65, 58, 39, 30],
  [85, 80, 75, 10],
  [95],
  [0],
  [110, 93, 50, 28, 18],
  [60, 41],
  [102, 88],
  [51, 45],
  [67],
  [73, 64, 60],
  [97, 80, 70, 68],
  [79, 77, 70, 67]
];

G2MONESY
[
  [0], 
  [56, 26],
  [115, 97, 41],
  [46],
  [64, 53, 26, 20],
  [62, 57, 24],
  [43],
  [104],
  [61],
  [85, 71, 57, 50, 43, 38],
  [45],
  [67, 38, 10],
  [18, 12],
  [80, 41, 35, 10],
  [38]
]

G2JKS
[
  [34], 
  [56],
  [33],
  [58],
  [86, 55, 50],
  [96, 88, 63],
  [0],
  [111],
  [0],
  [104, 59, 53],
  [46],
  [38, 32, 22, 14],
  [72],
  [96, 24],
  [78]
];

G2HOOXI
[
  [37], 
  [112, 93],
  [117, 96, 74, 66, 36],
  [58, 52],
  [85, 77, 49],
  [97, 79, 70, 30],
  [61],
  [111, 104],
  [83, 59],
  [91],
  [50],
  [0],
  [71, 57],
  [95, 20],
  [78]
];

G2HUNTER
[
  [36, 31, 20], 
  [108, 56],
  [101, 41],
  [65, 50, 36, 28],
  [52],
  [94, 87, 22],
  [0],
  [111],
  [0],
  [102, 97, 87, 38, 32],
  [47],
  [0],
  [18, 12],
  [0],
  [0]
];

GLISAK
[
  [0], 
  [104, 99],
  [35],
  [0],
  [79, 52],
  [0],
  [0],
  [112, 49, 33, 28],
  [77],
  [93, 16],
  [44],
  [61],
  [64],
  [0],
  [75, 66]
]

GLSIUHY
[
  [32, 24], 
  [99, 94],
  [103, 95],
  [0],
  [82, 76],
  [98, 92, 86, 81],
  [59, 54, 45],
  [111, 105, 100],
  [82, 40, 30, 11],
  [102, 91],
  [39, 18],
  [66, 58],
  [0],
  [41],
  [70, 62, 45]
];

GLIM
[
  [0], 
  [0],
  [54],
  [0],
  [81],
  [92, 57, 15],
  [37],
  [118, 111, 104, 90],
  [80],
  [98],
  [42],
  [66],
  [0],
  [0],
  [32]
];

GLACOR
[
  [0], 
  [104],
  [114, 81, 71, 49],
  [0],
  [86, 19],
  [97, 56],
  [59, 10],
  [110, 77, 66],
  [63, 57, 51, 19],
  [101, 87, 72],
  [49],
  [49, 13],
  [0],
  [0],
  [64, 46]
];

GLKEOZ
[
  [32], 
  [108, 88, 69],
  [112, 97],
  [0],
  [81, 76, 47, 35],
  [94, 72, 33],
  [62],
  [111, 93, 59],
  [82, 28, 23, 12],
  [102],
  [46, 38],
  [66],
  [67],
  [0],
  [76, 60]
];